Classification Report:
              precision    recall  f1-score   support

           0       0.65      0.64      0.64        44
           1       0.52      0.66      0.58        61
           2       0.86      0.73      0.79        67
           3       0.69      0.75      0.72        48
           4       0.70      0.65      0.67        51
           5       0.61      0.65      0.63        71
           6       0.80      0.73      0.76        62
           7       0.78      0.73      0.75        67
           8       0.70      0.62      0.65        52
           9       0.91      0.98      0.94        52
          10       0.69      0.70      0.69        50
          11       0.65      0.67      0.66        48
          12       0.67      0.72      0.69        58
          13       0.78      0.84      0.81        43
          14       0.72      0.62      0.67        58

    accuracy                           0.71       832
   macro avg       0.72      0.71      0.71       832
weighted avg       0.72      0.71      0.71       832
